x0=960 y0=388 depth0=0.997734070
world_x=-0.000214372 world_y=0.004979608 world_z=0.150776475
